Version 0.9.7
5
 4 10 175 77 128 0 1
 5 80 400 206 81 2 2
 0 110 110 877 276 8 3
 3 193 51 203 58 140 4
 1 194 395 206 81 151 5
 0
26
 16711680 5 71 288 71 288 71 371 71 371 163 371 163 371 0 1 0 3
 16711680 5 71 189 71 189 71 124 71 124 163 124 163 124 0 1 0 3
 16711680 5 176 137 176 137 176 137 176 371 176 371 176 371 0 3 0 3
 16711680 5 189 358 189 358 189 358 189 124 189 124 189 124 0 3 0 3
 16711680 5 209 406 209 406 202 406 202 406 202 358 202 358 0 5 0 3
 16711680 5 332 280 332 280 332 280 332 371 332 371 332 371 0 3 0 3
 16711680 5 209 464 209 464 189 464 189 464 189 371 189 371 0 5 0 3
 16711680 5 204 88 204 88 204 137 204 137 202 137 202 137 0 4 0 3
 16711680 5 254 176 254 176 254 176 254 124 254 124 254 124 0 3 0 3
 16711680 5 250 406 250 406 250 280 250 280 254 280 254 280 0 5 0 3
 16711680 5 269 406 269 406 269 319 269 319 280 319 280 319 0 5 0 3
 16711680 5 250 419 250 419 371 419 371 419 371 280 371 280 0 5 0 3
 16711680 5 449 280 449 280 449 280 449 371 449 371 449 371 0 3 0 3
 16711680 5 371 215 371 215 371 215 371 124 371 124 371 124 0 3 0 3
 16711680 5 397 280 397 280 397 280 488 280 488 280 488 280 0 3 0 3
 16711680 5 436 306 436 306 501 306 501 306 501 280 501 280 0 3 0 3
 16711680 5 514 280 514 280 514 280 527 280 527 280 527 280 0 3 0 3
 16711680 5 566 280 566 280 566 280 566 371 566 371 566 371 0 3 0 3
 16711680 5 488 215 488 215 488 215 488 124 488 124 488 124 0 3 0 3
 65535 5 269 432 269 432 269 306 269 306 423 306 423 306 0 5 0 3
 65535 5 267 280 267 280 267 215 267 215 423 215 423 215 0 3 0 3
 65535 5 293 319 293 319 436 319 436 319 436 215 436 215 0 3 0 3
 65535 5 449 215 449 215 540 215 540 215 540 280 540 280 0 3 0 3
 65535 5 293 293 293 293 293 293 384 293 384 293 384 293 0 3 0 3
 65535 5 267 293 267 293 267 293 410 293 410 293 410 293 0 3 0 3
 65535 5 553 280 553 280 239 280 239 280 239 95 239 95 0 3 0 4
3
 7032 1 14 482 228 5 0 0 13188 3
 7008 1 14 365 228 5 0 0 13188 3
 7004 1 14 248 228 5 0 0 13188 3
