Version 0.9.7
5
 4 10 175 77 128 0 1
 5 80 400 206 81 2 2
 0 110 110 877 276 8 3
 1 209 386 206 81 140 4
 3 521 51 203 58 150 5
 0
44
 16711680 5 71 189 71 189 71 189 71 124 163 124 163 124 0 1 0 3
 16711680 5 71 249 71 249 83 249 83 137 163 137 163 137 0 1 0 3
 16711680 5 532 88 532 88 532 137 532 137 527 137 527 137 0 5 0 3
 16711680 5 176 137 176 137 176 137 176 371 176 371 176 371 0 3 0 3
 16711680 5 189 124 189 124 189 124 189 358 189 358 189 358 0 3 0 3
 16711680 5 224 397 224 397 224 358 224 358 228 358 228 358 0 4 0 3
 16711680 5 224 455 224 455 203 455 203 371 202 371 202 371 0 4 0 3
 16711680 5 345 319 345 319 345 319 345 371 345 371 345 371 0 3 0 3
 16711680 5 267 176 267 176 267 176 267 124 267 124 267 124 0 3 0 3
 16711680 5 303 397 303 397 303 397 293 397 293 319 293 319 0 4 0 3
 16711680 5 284 397 284 397 271 397 271 319 267 319 267 319 0 4 0 3
 16711680 5 322 397 322 397 316 397 316 319 319 319 319 319 0 4 0 3
 16711680 5 341 397 341 397 334 397 334 215 332 215 332 215 0 4 0 3
 16711680 5 475 319 475 319 475 319 475 371 475 371 475 371 0 3 0 3
 16711680 5 397 176 397 176 397 176 397 124 397 124 397 124 0 3 0 3
 8421631 5 306 280 306 280 306 280 306 280 397 280 397 280 0 3 0 3
 8421631 5 345 215 345 248 370 248 370 249 410 249 410 280 0 3 0 3
 16711680 5 605 319 605 319 605 319 605 371 605 371 605 371 0 3 0 3
 16711680 5 527 176 527 165 519 165 519 124 514 124 514 124 0 3 0 3
 8421631 5 423 280 423 280 423 258 527 258 527 280 527 280 0 3 0 3
 8454143 5 306 293 306 293 306 287 436 287 436 280 436 280 0 3 0 3
 8454143 5 332 293 332 293 449 293 449 293 449 280 449 280 0 3 0 3
 8454143 5 462 280 462 280 462 264 540 264 540 280 540 280 0 3 0 3
 8454016 5 280 280 280 280 280 191 410 191 410 215 410 215 0 3 0 3
 8454016 5 436 215 436 215 436 215 449 215 449 215 449 215 0 3 0 3
 8454016 5 303 410 303 410 303 207 423 207 423 215 423 215 0 4 0 3
 8454016 5 322 410 311 410 311 197 462 197 462 215 462 215 0 4 0 3
 8454016 5 475 215 475 215 475 184 559 184 559 280 566 280 0 3 0 3
 16777088 5 284 410 284 410 284 389 657 389 657 280 657 280 0 4 0 3
 16777088 5 303 423 303 423 644 423 644 423 644 280 644 280 0 4 0 3
 16777088 5 670 280 670 280 670 280 683 280 683 280 683 280 0 3 0 3
 16777088 5 341 410 341 410 696 410 696 410 696 280 696 280 0 4 0 3
 16777088 5 709 280 709 280 709 253 579 253 579 280 579 280 0 3 0 3
 16777088 5 722 319 722 319 722 319 722 371 722 371 722 371 0 3 0 3
 16777088 5 644 176 644 176 644 176 644 124 644 124 644 124 0 3 0 3
 16744703 5 280 293 280 293 280 243 657 243 657 215 657 215 0 3 0 3
 16744703 5 332 306 332 306 332 251 670 251 670 215 670 215 0 3 0 3
 16744703 5 683 215 683 215 683 215 696 215 696 215 696 215 0 3 0 3
 16744703 5 345 202 345 202 345 196 709 196 709 215 709 215 0 3 0 3
 255 5 553 280 553 252 547 252 547 215 540 215 540 215 0 3 0 3
 255 5 592 280 592 243 563 243 563 215 553 215 553 215 0 3 0 3
 255 5 566 215 566 215 566 215 579 215 579 215 579 215 0 3 0 3
 255 5 722 215 722 215 722 207 591 207 591 215 592 215 0 3 0 3
 255 5 605 215 605 215 618 215 618 95 567 95 567 95 0 3 0 5
4
 7008 1 14 391 228 5 0 0 18220 3
 7004 1 14 261 228 5 0 0 18220 3
 7032 1 14 521 228 5 0 0 18220 3
 7008 1 14 638 228 5 0 0 18220 3
