Version 0.9.7
5
 4 10 175 77 128 0 1
 5 80 400 206 81 2 2
 0 110 110 877 276 8 3
 3 210 50 203 58 150 5
 1 218 386 206 81 159 6
 0
19
 16711680 5 71 189 71 189 71 124 71 124 163 124 163 124 0 1 0 3
 16711680 5 71 288 71 288 71 288 71 358 163 358 163 358 0 1 0 3
 16711680 5 233 397 233 397 202 397 202 397 202 371 202 371 0 6 0 3
 16711680 5 176 358 176 358 176 358 176 137 176 137 176 137 0 3 0 3
 16711680 5 189 124 189 124 189 124 189 371 189 371 189 371 0 3 0 3
 16711680 5 233 455 233 455 218 455 218 358 228 358 228 358 0 6 0 3
 16711680 5 221 87 221 87 221 137 221 137 215 137 215 137 0 5 0 3
 16711680 5 274 423 274 423 236 423 236 94 256 94 256 94 0 6 0 5
 16711680 5 332 319 332 319 332 319 332 358 332 358 332 358 0 3 0 3
 16711680 5 254 215 254 215 254 215 254 124 254 124 254 124 0 3 0 3
 16711680 5 274 410 274 410 256 410 256 280 254 280 254 280 0 6 0 3
 16711680 5 293 423 293 423 280 423 280 280 267 280 267 280 0 6 0 3
 16711680 5 280 280 280 280 280 94 280 94 276 94 276 94 0 3 0 5
 16711680 5 293 410 293 410 289 410 289 280 293 280 293 280 0 6 0 3
 16711680 5 312 423 312 423 312 423 306 423 306 280 306 280 0 6 0 3
 16711680 5 319 280 319 280 363 280 363 94 296 94 296 94 0 3 0 5
 16711680 5 312 410 312 410 312 410 312 215 306 215 306 215 0 6 0 3
 16711680 5 331 397 331 397 325 397 325 202 319 202 319 202 0 6 0 3
 16711680 5 332 215 332 215 332 94 332 94 316 94 316 94 0 3 0 5
1
 7086 1 14 248 228 5 0 0 13468 3
