Version 0.9.7
5
 4 10 175 77 128 0 1
 5 80 400 206 81 2 2
 0 102 110 877 276 8 3
 1 266 385 206 81 140 4
 3 420 35 203 58 150 5
 0
30
 16711680 5 71 189 71 189 72 189 72 124 155 124 155 124 0 1 0 3
 16711680 5 168 137 168 137 168 137 168 358 168 358 168 358 0 3 0 3
 16711680 5 181 124 181 124 181 124 181 371 181 371 181 371 0 3 0 3
 16711680 5 431 72 431 72 431 137 431 137 428 137 428 137 0 5 0 3
 16711680 5 428 280 428 280 428 280 428 358 428 358 428 358 0 3 0 3
 16711680 5 281 396 281 396 194 396 194 396 194 371 194 371 0 4 0 3
 16711680 5 281 454 281 454 207 454 207 454 207 358 207 358 0 4 0 3
 16711680 5 71 249 71 249 86 249 86 137 155 137 155 137 0 1 0 3
 16711680 5 311 280 311 280 318 280 318 358 311 358 311 358 0 3 0 3
 16711680 5 233 215 233 215 233 215 233 124 233 124 233 124 0 3 0 3
 16711680 5 350 124 350 124 350 124 350 215 350 215 350 215 0 3 0 3
 65535 5 322 396 322 396 329 396 329 280 350 280 350 280 0 4 0 3
 65535 5 363 280 363 280 363 260 233 260 233 280 233 280 0 3 0 3
 65535 5 341 396 341 396 293 396 293 287 246 287 246 280 0 4 0 3
 65535 5 259 280 265 280 265 101 466 101 466 79 466 79 0 3 0 5
 65280 5 363 293 363 293 363 253 272 253 272 280 272 280 0 3 0 3
 65280 5 341 409 341 409 341 306 341 306 376 306 376 306 0 4 0 3
 65280 5 389 306 393 306 393 244 285 244 285 280 285 280 0 3 0 3
 65280 5 662 319 662 319 662 319 662 358 662 358 662 358 0 3 0 3
 65280 5 584 176 584 176 584 176 584 124 584 124 584 124 0 3 0 3
 65280 5 298 280 298 280 298 259 584 259 584 280 584 280 0 3 0 3
 65280 5 322 409 322 409 792 409 792 409 792 319 792 319 0 4 0 3
 65280 5 341 422 341 422 805 422 805 422 805 319 805 319 0 4 0 3
 65280 5 792 267 792 267 792 229 285 229 285 215 285 215 0 3 0 3
 65280 5 805 267 805 267 805 222 298 222 298 215 298 215 0 3 0 3
 65280 5 311 215 311 215 597 215 597 215 597 280 597 280 0 3 0 3
 65280 5 610 280 610 280 591 280 591 96 486 96 486 79 0 3 0 5
 255 5 272 202 272 202 506 202 506 202 506 79 506 79 0 3 0 5
 255 5 792 280 792 280 792 148 246 148 246 202 246 202 0 3 0 3
 255 5 389 319 389 319 259 319 259 319 259 202 259 202 0 3 0 3
3
 7004 1 14 344 228 5 0 0 13468 3
 7008 1 14 227 228 5 0 0 13468 3
 7032 1 14 578 228 5 0 0 13468 3
