Version 0.9.7
5
 4 10 175 77 128 0 1
 5 80 400 206 81 2 2
 0 91 104 877 276 8 3
 1 188 381 206 81 140 4
 3 175 44 203 58 150 5
 0
30
 65535 5 71 189 71 189 63 189 63 118 144 118 144 118 0 1 0 3
 65535 5 71 249 86 249 86 132 144 132 144 131 144 131 0 1 0 3
 65535 5 157 131 157 131 157 131 157 352 157 352 157 352 0 3 0 3
 65535 5 170 365 170 365 170 365 170 118 170 118 170 118 0 3 0 3
 65535 5 186 81 186 81 186 131 186 131 183 131 183 131 0 5 0 3
 65535 5 203 450 203 450 177 450 177 352 183 352 183 352 0 4 0 3
 65535 5 203 392 203 392 203 365 203 365 183 365 183 365 0 4 0 3
 65535 5 244 392 244 392 242 392 242 274 235 274 235 274 0 4 0 3
 65535 5 352 209 352 209 352 209 352 118 352 118 352 118 0 3 0 3
 65535 5 430 274 430 274 430 274 430 352 430 352 430 352 0 3 0 3
 65535 5 263 392 263 392 378 392 378 392 378 313 378 313 0 4 0 3
 65535 5 244 405 244 405 255 405 255 313 352 313 352 313 0 4 0 3
 65535 5 313 274 313 274 313 274 313 352 313 352 313 352 0 3 0 3
 65535 5 235 209 235 209 235 209 235 118 235 118 235 118 0 3 0 3
 65535 5 391 274 391 274 391 258 248 258 248 274 248 274 0 3 0 3
 65535 5 560 274 560 274 560 274 560 352 560 352 560 352 0 3 0 3
 65535 5 482 209 482 209 482 209 482 118 482 118 482 118 0 3 0 3
 65535 5 261 274 261 274 261 249 508 249 508 274 508 274 0 3 0 3
 65535 5 677 274 677 274 677 274 677 352 677 352 677 352 0 3 0 3
 65535 5 599 209 599 209 599 209 599 118 599 118 599 118 0 3 0 3
 65535 5 263 405 263 405 599 405 599 405 599 313 599 313 0 4 0 3
 65535 5 365 300 365 300 365 300 612 300 612 300 612 300 0 3 0 3
 65535 5 625 287 625 287 625 287 495 287 495 287 495 287 0 3 0 3
 65535 5 482 274 482 274 482 267 716 267 716 274 716 274 0 3 0 3
 65535 5 794 274 794 274 794 274 794 352 794 352 794 352 0 3 0 3
 65535 5 716 209 716 209 716 209 716 118 716 118 716 118 0 3 0 3
 65535 5 365 287 365 287 365 292 274 292 274 287 274 287 0 3 0 3
 65535 5 391 287 391 287 391 280 287 280 287 274 287 274 0 3 0 3
 65535 5 300 274 300 274 300 237 729 237 729 274 729 274 0 3 0 3
 65535 5 742 274 742 274 742 154 221 154 221 88 221 88 0 3 0 5
5
 7086 1 14 229 222 5 0 0 0 3
 7004 1 14 346 222 5 0 0 0 3
 7002 1 14 476 222 5 0 0 13188 3
 7008 1 14 593 222 5 0 0 13188 3
 7032 1 14 710 222 5 0 0 13188 3
